INFO - 2025-01-25 21:33:54 - Logger initialized

====================================================================================================

INFO - 2025-01-25 21:47:19 - COMPARING FEATURES STATISTICS. ######


--------------------------------------------------

#### MEANS OF THE FEATURES: ####

Feature 1: [0.00170711]
Feature 2: [0.00503903]
Feature 3: [-0.00560753]
Feature 4: [0.00109537]
Feature 5: [-0.00700025]
Feature 6: [0.00910515]


--------------------------------------------------

#### COVARIANCE MATRIX: ####

[ 1.00134304  0.00516756  0.00176746  0.01452688  0.01000668 -0.01295912]
[ 5.16755817e-03  9.98352699e-01 -1.58354137e-02 -4.40650280e-04
 -4.01307317e-03 -8.17687100e-04]
[ 0.00176746 -0.01583541  1.0024818  -0.43706038 -0.02686006  0.00634389]
[ 1.45268757e-02 -4.40650280e-04 -4.37060381e-01  9.90293894e-01
  2.53357434e-02  8.26930215e-03]
[ 1.00066790e-02 -4.01307317e-03 -2.68600594e-02  2.53357434e-02
  1.00119747e+00  8.75793087e-04]
[-1.29591239e-02 -8.17687100e-04  6.34388503e-03  8.26930215e-03
  8.75793087e-04  9.97223742e-01]


--------------------------------------------------

#### VARIANCES OF THE FEATURES: ####

Feature 1: 1.001343035018908
Feature 2: 0.9983526991183364
Feature 3: 1.002481795216261
Feature 4: 0.9902938938745539
Feature 5: 1.0011974686052336
Feature 6: 0.9972237418742479


--------------------------------------------------

#### STANDARD DEVIATION OF THE FEATURES: ####

Feature 1: 1.00067129219285
Feature 2: 0.9991760100794737
Feature 3: 1.001240128648598
Feature 4: 0.9951351133763464
Feature 5: 1.000598555168472
Feature 6: 0.9986109061462567


====================================================================================================

INFO - 2025-01-25 21:50:48 - COMPARING FEATURES STATISTICS OF CLASS 0 (FAKE). ######


--------------------------------------------------

#### MEANS OF THE FEATURES: ####

Feature 1: [0.00287744]
Feature 2: [0.01869316]
Feature 3: [-0.68094016]
Feature 4: [0.6708362]
Feature 5: [0.02795697]
Feature 6: [-0.0058274]


--------------------------------------------------

#### COVARIANCE MATRIX: ####

[ 0.56958105  0.00443401  0.0084317   0.01444794  0.01426727 -0.0014115 ]
[ 0.00443401  1.42086571 -0.00475807 -0.0122433  -0.0025728  -0.00554093]
[ 0.0084317  -0.00475807  0.54997702  0.01320359 -0.01152519  0.0111044 ]
[ 0.01444794 -0.0122433   0.01320359  0.53604266  0.00707381  0.01597443]
[ 0.01426727 -0.0025728  -0.01152519  0.00707381  0.6800736   0.01200017]
[-0.0014115  -0.00554093  0.0111044   0.01597443  0.01200017  0.70503844]


--------------------------------------------------

#### VARIANCES OF THE FEATURES: ####

Feature 1: 0.5695810538906145
Feature 2: 1.4208657123138777
Feature 3: 0.5499770247875643
Feature 4: 0.5360426612921693
Feature 5: 0.6800735969738124
Feature 6: 0.7050384378650736


--------------------------------------------------

#### STANDARD DEVIATION OF THE FEATURES: ####

Feature 1: 0.7547059386877876
Feature 2: 1.1920007182522492
Feature 3: 0.7416043586627336
Feature 4: 0.7321493435714937
Feature 5: 0.8246657486362656
Feature 6: 0.8396656702909043


====================================================================================================

INFO - 2025-01-25 21:50:48 - COMPARING FEATURES STATISTICS OF CLASS 1 (GENUINE). ######


--------------------------------------------------

#### MEANS OF THE FEATURES: ####

Feature 1: [0.00054455]
Feature 2: [-0.00852437]
Feature 3: [0.66523785]
Feature 4: [-0.66419535]
Feature 5: [-0.04172519]
Feature 6: [0.02393849]


--------------------------------------------------

#### COVARIANCE MATRIX: ####

[ 1.43023345  0.00586459 -0.00328748  0.01305324  0.00569339 -0.02439541]
[ 0.00586459  0.57827792 -0.0085804  -0.006824   -0.0063889   0.0042779 ]
[-0.00328748 -0.0085804   0.5489026   0.01126717  0.00465291 -0.01835331]
[ 0.01305324 -0.006824    0.01126717  0.55334275 -0.00288255  0.02041834]
[ 0.00569339 -0.0063889   0.00465291 -0.00288255  1.31776792 -0.00914104]
[-0.02439541  0.0042779  -0.01835331  0.02041834 -0.00914104  1.28702609]


--------------------------------------------------

#### VARIANCES OF THE FEATURES: ####

Feature 1: 1.4302334536449839
Feature 2: 0.5782779189970291
Feature 3: 0.5489026044642464
Feature 4: 0.553342749593723
Feature 5: 1.3177679182661906
Feature 6: 1.2870260879192679


--------------------------------------------------

#### STANDARD DEVIATION OF THE FEATURES: ####

Feature 1: 1.195923682199238
Feature 2: 0.7604458685514894
Feature 3: 0.7408796153655778
Feature 4: 0.7438701160778829
Feature 5: 1.1479407294221207
Feature 6: 1.1344717219566418

